MIN: 0.9241141618908495
MAX: 0.01206547913246926
MID: 0.5979973397237641